feature_id	chromosome	start	end
1	chr2	28158	31507
2	chr2	38814	46870
3	chr2	142583	168067
4	chr2	161721	190930
5	chr2	180579	186639
6	chr2	197569	209913
7	chr2	201541	214046
8	chr2	217730	266398
9	chr2	264140	279100
10	chr2	278286	289623
11	chr2	285770	301515
12	chr2	289630	290311
13	chr2	290941	314373
14	chr2	307683	309424
15	chr2	314796	316915
16	chr2	317823	422312
17	chr2	419160	420181
18	chr2	446607	451015
19	chr2	468688	481690
20	chr2	468920	475989
21	chr2	487125	487981
22	chr2	490944	545594
23	chr2	545805	546675
24	chr2	550745	552896
25	chr2	554454	559187
26	chr2	556498	578145
27	chr2	578614	583909
28	chr2	590193	593382
29	chr2	624094	625895
30	chr2	626134	627909
31	chr2	663877	677470
32	chr2	677119	697382
33	chr2	688999	690653
34	chr2	690574	731224
35	chr2	716088	717928
36	chr2	731014	779048
37	chr2	733471	868608
38	chr2	739588	740164
39	chr2	869146	949955
40	chr2	899462	905539
41	chr2	910926	921124
42	chr2	948972	953621
43	chr2	950849	1367613
44	chr2	1059133	1068341
45	chr2	1158310	1160424
46	chr2	1341044	1346568
47	chr2	1366234	1580747
48	chr2	1373933	1543711
49	chr2	1447968	1620113
50	chr2	1552445	1554701
51	chr2	1620510	1625419
52	chr2	1631887	1744852
53	chr2	1743755	1753961
54	chr2	1773022	1784297
55	chr2	1789113	2331664
56	chr2	1795525	1812307
57	chr2	1824412	1834145
58	chr2	1837245	1840207
59	chr2	1842965	1851783
60	chr2	1854877	1855876
61	chr2	1926097	1931651
62	chr2	2319232	2327110
63	chr2	2331921	2333718
64	chr2	2332267	2333290
65	chr2	2398860	2401196
66	chr2	2506642	2507447
67	chr2	2520570	2528104
68	chr2	2571847	2613522
69	chr2	2624344	2633173
70	chr2	2638178	2696443
71	chr2	2682064	2700665
72	chr2	2697490	2708037
73	chr2	2707368	2840512
74	chr2	2729908	2730957
75	chr2	2742112	2744120
76	chr2	2760497	2769580
77	chr2	2846699	2847049
78	chr2	2882794	2889455
79	chr2	2893569	3147934
80	chr2	3045145	3054428
81	chr2	3156428	3186513
82	chr2	3156756	3157797
83	chr2	3188925	3377852
84	chr2	3298341	3301465
85	chr2	3377404	3379569
86	chr2	3379674	3485094
87	chr2	3455220	3460377
88	chr2	3481242	3482409
89	chr2	3496956	3497428
90	chr2	3497366	3519559
91	chr2	3519275	3524094
92	chr2	3531813	3536915
93	chr2	3532008	3558333
94	chr2	3541430	3558371
95	chr2	3547940	3548669
96	chr2	3558375	3564842
97	chr2	3568505	3575100
98	chr2	3575198	3580952
99	chr2	3592791	3644649
100	chr2	3603397	3604242
101	chr2	3617548	3617757
102	chr2	3650561	3652115
103	chr2	3658200	3702671
104	chr2	3673778	3704153
105	chr2	3688021	3688981
106	chr2	3703575	3848008
107	chr2	3957652	3974124
108	chr2	3974176	3975154
109	chr2	4024283	4025763
110	chr2	4136644	4140731
111	chr2	4244043	4245180
112	chr2	4284012	4630252
113	chr2	4297226	4318273
114	chr2	4514204	4515056
115	chr2	4591485	4600859
116	chr2	4628216	4656498
117	chr2	4932835	4934865
118	chr2	5001173	5006667
119	chr2	5070432	5077683
120	chr2	5313740	5314134
121	chr2	5370408	5378042
122	chr2	5539586	5550310
123	chr2	5548517	5556218
124	chr2	5602505	5691777
125	chr2	5692384	5701385
126	chr2	5696220	5719670
127	chr2	5708060	5719748
128	chr2	5708227	5790916
129	chr2	5810088	5812670
130	chr2	5925514	5927140
131	chr2	5932543	6060570
132	chr2	5981021	5982050
133	chr2	6053942	6055549
134	chr2	6186993	6212547
135	chr2	6258348	6341788
136	chr2	6366010	6375422
137	chr2	6495651	6511839
138	chr2	6495877	6496798
139	chr2	6557081	6564928
140	chr2	6615389	6651104
141	chr2	6649654	6650897
142	chr2	6650373	6650439
143	chr2	6728177	6782637
144	chr2	6819463	6840464
145	chr2	6840570	6866635
146	chr2	6865557	6898239
147	chr2	6905724	6906301
148	chr2	6911754	6918734
149	chr2	6917386	7068286
150	chr2	6987345	6989109
151	chr2	7045324	7077916
152	chr2	7141227	7141544
153	chr2	7227772	7242022
154	chr2	7293688	7450544
155	chr2	7329490	7332467
156	chr2	7431686	7432959
157	chr2	7523689	7721718
158	chr2	7537111	7555827
159	chr2	7574963	7584054
160	chr2	7576841	7576971
161	chr2	7660451	7675736
162	chr2	7720139	7749426
163	chr2	7736438	7737095
164	chr2	7748569	7749277
165	chr2	7776099	7788629
166	chr2	7796933	7899837
167	chr2	7876670	7892268
168	chr2	7899794	7900983
169	chr2	7922425	8595477
170	chr2	7937277	7954307
171	chr2	8139287	8160974
172	chr2	8324753	8325464
173	chr2	8357421	8360991
174	chr2	8488420	8505027
175	chr2	8582828	8585147
176	chr2	8584063	8584383
177	chr2	8599026	8658717
178	chr2	8603082	8603359
179	chr2	8618696	8628675
180	chr2	8625567	8626470
181	chr2	8640210	8642808
182	chr2	8666636	8681898
183	chr2	8678845	8684461
184	chr2	8684915	8703418
185	chr2	8721081	8837630
186	chr2	8837780	8838848
187	chr2	8852690	9003747
188	chr2	9004043	9046227
189	chr2	9070985	9110357
190	chr2	9102943	9106341
191	chr2	9106593	9109865
192	chr2	9110403	9117009
193	chr2	9133376	9145941
194	chr2	9142719	9146120
195	chr2	9153382	9168164
196	chr2	9206758	9405683
197	chr2	9271292	9271628
198	chr2	9403475	9423891
199	chr2	9423631	9473110
200	chr2	9473658	9496543
201	chr2	9488486	9556732
202	chr2	9501422	9517210
203	chr2	9555874	9579635
204	chr2	9583967	9639472
205	chr2	9631167	9713301
206	chr2	9740643	9740783
207	chr2	9752789	9758585
208	chr2	9757496	9773958
209	chr2	9773637	9780018
210	chr2	9805253	9816067
211	chr2	9814015	9815710
212	chr2	9842790	9843685
213	chr2	9843443	9934416
214	chr2	9936360	9939590
215	chr2	9939088	9953046
216	chr2	9951693	10002277
217	chr2	9996244	10010038
218	chr2	10010241	10024514
219	chr2	10021578	10022825
220	chr2	10029287	10038628
221	chr2	10034314	10044450
222	chr2	10042849	10054836
223	chr2	10056473	10080944
224	chr2	10072827	10074667
225	chr2	10079773	10086173
226	chr2	10090205	10090319
227	chr2	10120698	10211725
228	chr2	10155072	10155206
229	chr2	10198674	10202477
230	chr2	10272102	10273641
231	chr2	10277812	10289708
232	chr2	10280628	10280891
233	chr2	10287703	10304903
234	chr2	10301356	10427835
235	chr2	10301971	10374320
236	chr2	10307808	10358802
237	chr2	10357564	10360903
238	chr2	10407458	10412542
239	chr2	10426595	10432902
240	chr2	10431994	10443924
241	chr2	10439968	10450116
242	chr2	10448640	10457693
243	chr2	10451941	10455471
244	chr2	10481408	10495667
245	chr2	10497559	10501231
246	chr2	10555400	10557244
247	chr2	10562295	10690415
248	chr2	10587728	10604830
249	chr2	10690344	10692099
250	chr2	10709188	10717592
251	chr2	10712362	10720952
252	chr2	10721100	10785110
253	chr2	10767875	10770058
254	chr2	10783378	10837977
255	chr2	10832679	10836527
256	chr2	10837758	10901931
257	chr2	10847397	10848711
258	chr2	10874291	10874567
259	chr2	10883874	10914457
260	chr2	10911096	10914225
261	chr2	10957130	10961442
262	chr2	10993373	11002138
263	chr2	11097315	11098644
264	chr2	11102142	11102997
265	chr2	11105317	11132821
266	chr2	11121639	11124924
267	chr2	11130097	11132601
268	chr2	11133009	11154576
269	chr2	11155198	11178870
270	chr2	11179759	11348330
271	chr2	11233988	11234094
272	chr2	11308025	11308941
273	chr2	11343743	11349288
274	chr2	11357515	11365636
275	chr2	11371440	11407023
276	chr2	11388023	11390367
277	chr2	11391766	11394095
278	chr2	11394370	11426428
279	chr2	11405508	11427276
280	chr2	11444375	11466177
281	chr2	11482341	11642789
282	chr2	11483330	11483917
283	chr2	11517397	11517503
284	chr2	11561661	11561779
285	chr2	11584773	11585047
286	chr2	11656785	11658839
287	chr2	11658178	11670195
288	chr2	11665369	11665969
289	chr2	11673964	11676925
290	chr2	11677544	11827409
291	chr2	11681420	11703161
292	chr2	11721619	11724222
293	chr2	11740997	11745301
294	chr2	11829690	12702919
295	chr2	11979435	12064353
296	chr2	12131214	12133117
297	chr2	12189509	12193249
298	chr2	12261246	12277678
299	chr2	12411398	12411501
300	chr2	12501319	12507354
301	chr2	12535717	12665506
302	chr2	12598987	12605145
303	chr2	12680180	12716752
304	chr2	12716910	12742734
305	chr2	12736888	13007066
306	chr2	12737367	12737444
307	chr2	12881032	12929350
308	chr2	13000787	13331683
309	chr2	13307453	13307872
310	chr2	13357271	13403235
311	chr2	13537673	13609168
312	chr2	13710526	14418000
313	chr2	13723048	13758152
314	chr2	14530941	14531223
315	chr2	14616428	14630192
316	chr2	14632700	14650814
317	chr2	14705668	14992066
318	chr2	14872355	14873113
319	chr2	14886647	14907664
